0 26 41 47 57 104 128 150 155 162 173 185 187 194 236 237 272 277 279 292 328 375 392
1 5 9 23 24 28 53 59 76 78 94 96 111 144 163 173 192 195 236 270 288 295 297 304 343 344 361 364 368 377
2 3 16 18 23 30 31 34 38 40 45 47 48 51 115 131 149 153 211 233 261 278 303 333 390
3 2 4 9 12 19 29 32 57 73 95 126 161 196 221 223 227 237 264 277 289 295 318 394
4 3 17 29 40 49 63 81 93 95 127 129 132 151 169 174 176 180 191 197 198 236 246 260 289 304 356 379 397 398
5 1 13 19 26 37 38 69 76 106 113 164 191 199 212 237 250 253 285 294 304 313 328 331 333 352 364 371 385 390 397
6 10 11 13 17 34 37 79 125 136 162 172 182 190 217 236 253 264 270 279 282 291 304 315 325 367 371 372 382
7 10 23 26 29 46 47 100 110 123 150 174 178 182 183 195 215 263 280 283 366 390
8 5 13 14 16 18 23 48 54 58 101 163 165 212 213 226 229 286 287 343 344 347 377 386 399
9 3 17 22 23 36 37 40 56 115 133 136 167 186 188 195 197 212 219 222 231 282 303 322 323 364 385 391
10 2 6 7 12 25 40 47 62 89 95 100 118 127 137 177 206 213 214 216 253 297 303 313 324 338 340 341 347 365 390 396
11 9 15 18 26 28 30 33 39 42 45 46 66 100 131 138 194 212 219 233 266 269 292 319 336 341 347 381 386 391 398
12 3 10 20 22 24 33 34 35 41 44 48 60 86 106 119 135 168 225 229 232 245 250 282 299 302 317 325 357
13 5 6 8 33 38 41 53 77 86 94 103 117 119 132 144 153 185 275 301 314 316 330 333 363 383
14 4 8 22 33 40 76 87 94 119 123 134 143 195 220 231 233 303 319 321 322 323 358 361 363
15 11 21 25 34 37 42 49 65 75 109 121 123 134 147 156 174 178 182 213 233 243 275 286 343 385 389
16 2 8 10 17 36 44 47 73 80 83 84 108 112 113 115 124 139 149 150 151 194 196 221 292 296 299 335 367 391 398
17 4 6 9 16 18 20 22 43 44 46 129 155 195 232 244 261 284 292 348 359 368
18 2 8 11 17 30 34 45 50 59 77 100 110 149 152 168 190 230 248 271 326 338 345 350 358 365 378 383 387
19 5 7 8 9 17 22 23 29 34 36 80 83 84 111 120 121 128 134 148 152 174 177 201 205 217 230 274 286 309 326 384 394
20 5 12 14 17 24 35 61 63 121 126 173 200 243 282 295 296 317 342 344 345
21 11 15 27 31 45 55 99 105 119 121 139 140 141 152 159 193 194 225 231 249 255 266 268 271 335 343 344
22 8 14 19 20 23 38 39 60 62 74 75 80 87 137 153 167 171 206 211 212 219 259 267 284 308 323 342 351 353 356 374 388 394
23 1 2 7 8 9 22 26 27 29 30 33 34 91 116 136 177 182 183 189 208 232 236 244 257 284 298 305 317 347 356 375 387 396
24 1 20 27 31 32 36 41 46 47 57 66 67 80 86 90 100 127 130 143 176 209 220 224 263 270 292 300 340 345 375 378
25 10 15 28 33 35 70 99 149 184 196 218 252 253 263 270 287 289 298 317 322 327 330 359 360 362 369 383 387
26 0 5 7 11 16 23 35 37 64 85 96 111 171 174 194 197 223 277 280 287 316 323 360 364 394
27 14 21 24 39 49 51 71 126 155 168 176 198 211 218 279 303 307 354 361 362 383 385
28 1 11 25 29 30 31 39 44 59 65 98 102 109 130 134 157 234 276 295 297 304 306 313 380
29 3 4 9 16 18 19 23 41 46 60 91 104 153 155 182 189 223 230 324 372 386
30 2 23 28 38 55 63 71 93 138 153 186 193 205 226 242 260 266 270 308 324 332 352 360 393
31 21 24 28 33 41 80 88 91 121 142 151 160 177 180 193 206 239 244 267 269 277 281 302 345 359 368 381 383 387
32 4 10 24 33 34 43 46 54 64 110 111 123 126 136 148 156 157 163 185 198 224 229 237 260 301 307 315 322 343 355 385
33 11 12 13 14 19 23 25 36 39 40 41 54 57 68 70 72 85 124 131 136 139 165 178 179 181 224 228 270 295 306 308 324 343 372 373
34 2 6 9 12 15 18 19 32 41 42 43 47 58 63 65 66 70 88 107 142 153 154 170 175 246 253 259 270 282 288 308 314 321 377
35 12 20 25 32 42 52 61 62 63 66 71 94 108 119 125 137 144 159 177 182 183 200 206 207 322 332 342 371 375 385 387
36 0 9 16 24 25 33 42 45 48 119 128 174 195 251 257 263 305 324 373 389 397
37 12 15 41 65 71 84 90 104 131 133 171 176 177 186 207 231 240 254 258 274 294 295 303 314 318 330 381 396
38 2 5 13 22 25 39 49 60 66 67 94 99 110 130 159 170 178 189 201 212 221 244 274 290 309 334 348 363 373
39 11 22 27 28 33 38 41 43 45 55 67 70 104 137 170 171 172 193 203 216 245 262 307 314 324 341 353 356 378 396
40 2 9 10 11 33 44 75 77 89 125 134 161 171 200 208 209 215 297 308 332 338 361 365 368 374
41 0 13 24 29 31 37 39 45 47 66 76 83 134 171 177 195 223 239 249 252 260 289 325 339 345 357
42 11 15 17 34 36 43 45 63 64 71 74 146 150 164 172 173 203 218 236 247 271 323 331 332 337 348 350 365 375 381 399
43 4 17 18 24 28 32 33 39 42 47 48 55 57 58 80 83 85 87 111 132 149 160 165 167 207 222 256 318 324 335 341 348 356
44 4 12 16 17 28 40 51 75 86 108 126 142 148 156 174 191 264 276 293 312 320 345 354 377
45 2 18 21 39 40 41 42 83 105 106 145 158 167 177 240 245 274 316 331 337 338 355 380 386
46 3 7 11 13 17 28 29 32 47 58 70 79 81 118 123 147 153 165 191 194 203 207 209 224 237 239 250 258 276 305 319 325 349
47 0 2 7 8 10 16 28 38 41 43 46 49 62 83 137 139 142 146 174 189 192 194 195 216 223 258 365
48 2 12 36 42 52 89 92 106 122 196 218 222 232 252 264 269 279 287 288 299 327 354 372
49 4 11 15 20 27 32 34 38 44 47 51 66 87 111 113 118 126 150 158 202 204 232 259 262 277 316 319 346 353 360
50 25 42 51 75 79 85 88 93 98 104 107 123 150 162 173 227 230 251 263 268 272 275 327 339 346 349 363 377 380 395
51 27 35 44 49 50 60 61 65 74 87 106 115 128 142 196 203 222 223 238 240 278 282 283 286 304 324 342 364 383 386
52 35 51 55 59 64 67 70 81 84 85 90 94 129 137 162 197 205 213 226 235 244 249 250 256 262 317 320 331 345 360 399
53 13 58 62 64 68 69 73 76 86 90 92 102 107 119 171 180 199 200 205 294 323 330 354 368 392
54 8 11 32 60 68 72 85 87 89 90 99 107 108 132 152 178 189 194 207 211 220 226 242 248 265 317 321 369 370
55 16 21 30 33 43 52 63 68 79 87 136 137 151 153 163 165 168 222 279 291 320 366 371 390
56 63 77 81 88 91 95 96 110 115 141 198 207 219 230 249 252 260 268 276 282 287 291 298 309 329 364 365 367 370 377 380
57 0 3 8 43 49 76 91 94 98 136 141 143 147 160 173 201 211 257 280 302 307 328 350 354 356 357 379 394
58 10 34 37 62 75 78 80 81 84 88 90 96 103 121 166 169 178 181 197 230 248 257 264 274 281 297 311 323 354 362 393
59 9 18 28 42 70 74 76 81 86 90 95 134 141 152 180 188 230 249 266 279 301 313 315 349 360 361 368 373
60 12 22 29 51 54 65 74 78 79 83 98 115 116 130 137 157 215 243 253 259 271 295 308 324 348 364 378 381
61 16 20 35 48 70 75 82 85 138 140 163 167 192 202 207 212 213 216 226 230 239 263 271 275 276 300 329 354 389
62 10 22 31 35 47 53 58 67 68 85 87 88 90 137 158 208 223 276 331 353 381 392 394
63 20 30 34 35 42 53 70 77 106 153 182 183 187 210 257 286 305 344 356 360 376 397
64 26 32 52 53 71 75 81 84 89 92 119 126 146 161 185 186 204 207 210 229 251 272 321 339 351 357
65 15 28 34 37 60 66 77 80 90 113 127 132 144 155 157 167 169 201 207 212 220 227 242 263 276 300 338 366 374 393
66 24 35 38 41 49 57 68 73 88 127 149 173 181 195 196 230 235 245 265 285 288 293 304 344 376 389
67 27 38 52 54 62 68 82 87 93 106 109 128 143 178 191 193 195 196 203 238 242 248 258 278 326 343 358 373 378 386 392
68 33 52 53 66 86 98 103 104 118 125 131 155 183 201 215 220 233 242 274 289 314 338 343 345 378 384
69 47 53 74 84 93 94 110 132 171 198 203 227 248 279 283 285 301 309 319 327
70 25 33 34 37 39 44 52 59 61 63 83 87 94 99 137 148 159 213 215 228 238 243 284 301 305 311 367 393
71 25 27 30 35 42 64 70 75 76 82 99 177 215 255 296 300 301 303 322 328 330 370 380 394
72 12 23 46 52 54 60 74 75 81 101 122 132 167 184 200 234 240 277 312 332 352
73 3 16 51 53 54 66 81 82 83 84 93 113 116 132 137 140 155 158 226 269 275 277 285 287 293 352 373
74 22 42 51 60 69 72 77 86 90 94 97 99 101 143 176 190 206 222 233 241 268 269 355 397
75 15 22 40 50 56 58 59 61 65 71 72 77 98 103 140 165 189 194 218 225 229 243 247 323 341 344 375 377
76 5 14 41 53 54 57 59 72 81 86 92 93 97 98 179 258 262 291 298 299 304 331 382 395 398
77 13 40 56 63 64 65 71 74 75 91 118 142 157 174 180 200 236 251 269 307 327 338 346 399
78 1 6 32 58 60 82 84 85 92 99 103 110 111 114 130 135 146 148 179 205 208 238 310 317 318 327 330 332 345 370 377 379 382 385 398
79 6 46 50 57 60 61 67 77 80 104 115 116 119 139 154 174 227 245 247 259 283 306 309 314 317 362 381
80 16 22 24 31 40 53 54 55 58 65 79 88 97 99 100 111 126 148 156 159 174 185 201 215 217 263 265 268 276 313 336 375 379
81 0 4 46 52 58 59 64 75 76 84 93 127 133 158 183 190 199 247 257 268 269 282 309 314 319 333 353 373
82 46 61 73 78 87 106 108 126 152 171 173 189 218 224 232 238 330 349 355 358 365 378
83 4 19 43 45 60 70 73 86 91 101 154 156 157 176 194 242 306 319 330 334 345 353 358 372 380 386
84 1 16 37 50 52 58 60 69 72 78 82 100 102 121 149 151 196 199 238 294 299 300 313 314 342 376 383 398
85 1 26 33 43 50 54 61 62 78 93 106 149 164 210 212 220 227 286 333 344 356 359 366 380 386 392
86 12 13 16 44 53 59 68 71 74 75 76 104 120 134 140 141 162 170 220 242 290 299 319 323 324 383
87 22 28 43 49 54 55 62 64 67 70 82 83 109 166 221 223 231 239 244 254 255 257 258 294 300 312 324 328 333 347 375 389
88 31 50 56 62 67 95 120 122 128 153 164 180 188 202 217 220 224 229 289 303 332 385 398
89 10 40 48 57 93 97 99 120 121 128 136 140 142 150 161 205 206 207 213 217 234 279 314 334 357 358 364 382
90 23 24 37 52 53 54 59 62 65 83 91 97 107 109 110 121 124 134 138 152 199 211 220 224 239 309 312 316 336 337 338 348 363
91 23 29 31 57 66 77 83 97 113 117 129 155 171 214 224 226 247 257 273 285 295 329 331 333 346 392
92 25 48 76 79 95 99 113 122 134 135 177 183 189 192 196 208 241 270 274 282 303 313 326 332 342 374
93 4 15 50 55 67 69 80 94 98 103 106 109 110 115 124 125 187 194 227 235 256 257 267 276 287 292 344 364 391
94 1 13 17 33 35 38 52 56 64 69 74 93 115 117 155 171 198 217 228 236 276 280 317 318 345 351 359 364 396 397 398
95 3 43 49 56 57 76 77 80 90 106 108 197 202 220 233 234 238 261 264 284 303 309 328 367 373 375
96 1 24 26 29 56 102 125 165 174 181 204 263 276 277 292 301 317 322 335 362 369 381 389 393
97 74 81 89 90 91 119 132 134 141 168 185 217 226 228 230 238 254 288 357 376 385 398
98 16 28 57 60 68 76 93 99 142 143 167 185 198 210 225 252 256 265 272 286 305 316 335 352 353 355 377 392
99 21 38 54 60 61 74 78 81 89 92 97 98 110 125 146 158 175 177 178 214 220 225 232 250 357 361 379
100 4 7 10 11 18 24 34 80 102 107 129 131 139 144 181 202 253 272 293 313 333 341 361 377 378 398
101 0 8 18 74 81 83 103 112 115 117 118 123 126 131 132 134 158 184 221 252 254 256 275 324 331 346 387 395
102 28 33 78 96 100 103 109 115 116 117 118 121 128 132 133 134 139 147 155 163 171 189 200 209 215 216 260 273 276 294 313 330 341 362 363 366 375
103 4 13 15 58 68 75 78 89 102 109 112 125 143 154 164 214 256 269 285 295 298 303 323 328 340 355 362
104 0 13 37 39 49 50 64 68 79 86 90 109 125 129 132 136 144 205 218 247 248 257 260 269 323 368 390 396
105 45 84 112 115 116 119 120 121 124 130 137 140 141 142 165 196 212 238 247 254 256 262 271 272 335 340 354 369 380
106 5 12 45 48 51 63 82 85 93 95 110 114 137 153 165 201 273 275 279 307 311 314 317 323 331 337 361 398
107 20 34 45 50 53 54 100 115 117 125 158 192 195 201 226 232 241 253 280 281 290 300 314 317 323 348 351 359 374 393
108 13 33 35 38 40 54 82 95 103 116 119 126 128 141 154 183 201 213 214 223 267 330 369 373 382 385 388 397
109 15 65 67 90 103 104 113 124 127 132 149 153 214 220 229 230 286 287 338 354 357 371 377 380
110 7 28 32 46 49 56 69 75 78 90 93 99 118 130 158 167 171 188 191 194 206 214 273 305 339 344 349 352 359 385
111 19 25 26 43 48 49 78 105 112 114 118 120 137 143 147 186 188 192 215 220 229 243 245 263 276 290 291 316 330 334 337 361 369
112 17 101 103 105 111 114 115 125 131 134 190 204 205 223 243 300 302 308
113 5 35 49 62 65 91 109 115 116 136 148 187 231 256 272 275 283 285 308 309 343 376 378 386 388 391 395
114 78 98 112 113 118 119 120 137 141 209 215 234 296 327 339 344 352 362 389
115 9 51 56 60 78 79 93 94 101 102 105 112 113 122 127 136 144 149 150 158 159 176 180 203 211 241 268 269 272 283 284 319 341 342 357 363 383 398
116 23 39 60 73 75 79 105 108 110 113 124 127 128 154 160 163 195 227 236 241 244 260 280 298 306 332 333 334 358 369 373 379
117 13 91 101 107 133 145 148 149 161 182 200 220 225 238 256 263 266 270 284 296 320 339 349 363 385 386 390 392
118 10 46 49 77 101 102 108 110 114 119 127 142 143 177 201 245 268 284 287 312 313 352 359 397
119 12 13 14 19 21 36 53 64 79 84 90 97 105 118 142 157 167 180 207 226 253 271 279 290 354 373 380 389
120 19 38 74 86 105 111 121 122 124 149 187 215 228 231 244 251 275 277 292 302 319 341 395
121 20 31 43 58 84 89 90 94 102 105 106 125 129 132 142 157 162 207 229 231 322 328 330 378
122 48 56 64 72 88 115 120 125 136 142 150 198 244 261 263 291 313 316 322 326 334 337 359
123 15 32 39 46 50 57 101 120 124 125 128 136 150 152 192 211 228 258 284 325 329 331 337 357
124 33 93 105 106 109 110 118 120 133 134 137 138 141 142 159 186 234 264 267 273 275 280 313 333 357 362 370 377 388 396
125 6 35 40 68 96 103 104 107 121 122 127 129 136 140 163 175 178 205 219 235 247 274 379 385
126 3 20 27 44 49 64 65 80 82 101 108 115 129 138 148 150 155 168 188 213 277 305 318 321 376 377
127 4 10 24 65 66 109 118 131 141 176 178 191 193 204 239 241 243 258 269 282 288 292 302 310 347 357 365 381
128 0 10 51 54 79 88 102 108 111 116 132 133 136 138 156 158 173 185 188 190 193 195 206 207 260 279 296 298 304 333 365 374 380
129 4 91 100 107 114 118 121 125 126 131 133 135 140 153 175 177 179 194 230 259 300 325 336 339 365 377
130 24 38 41 49 56 60 78 84 110 134 136 138 197 252 255 275 278 279 284 287 290 294 299 377 380 394
131 2 12 68 101 112 116 127 129 134 137 142 168 173 176 195 253 263 280 292 318 323 344 346 350 368 369 380 396
132 6 13 43 54 55 65 69 72 73 86 91 101 102 109 121 133 135 165 169 178 195 205 206 217 251 252 309 344 366 375 384
133 9 30 37 81 102 117 122 124 128 129 154 195 228 241 259 261 272 357 358 360 369 370
134 15 19 28 41 59 92 101 102 112 130 131 137 143 146 147 178 180 192 194 205 211 259 264 270 275 324 342 358 362 377 380
135 40 61 78 92 106 129 130 132 142 147 156 170 175 189 195 205 208 233 256 273 281 292 309 347 363 376 392
136 6 23 32 55 57 59 95 104 106 115 122 123 128 130 137 149 150 151 154 167 181 189 212 215 264 271 303 362 374 384 396
137 10 18 22 34 39 47 52 55 60 62 105 106 114 119 124 130 131 134 140 141 146 148 177 196 205 209 226 234 236 268 341 356 389 392
138 11 61 101 112 116 123 126 140 144 172 186 215 227 275 277 316 323 340 355 363 366 373 374 388 391 398
139 16 19 21 33 47 54 61 100 112 144 195 244 273 285 323 345 355 358 364 378
140 39 59 61 73 75 86 89 122 129 137 224 248 257 259 280 289 314 317 358 393
141 21 56 57 86 94 97 105 114 124 127 137 185 198 308 316 330
142 31 47 48 77 98 108 110 118 119 121 122 124 135 149 176 211 243 267 282 326 327 333 337 338 357 358 392 394
143 24 38 57 67 74 98 105 117 118 134 204 206 218 256 264 265 273 291 296 304
144 1 13 35 64 65 67 96 111 115 122 123 138 139 147 179 187 205 221 248 251 260 271 278 282 333 337 346 351 371 373 380
145 6 45 62 91 133 136 147 169 243 246 264 303 315 317 326 331 341 350 393
146 78 137 145 161 170 172 222 223 225 263 275 277 278 282 288 304 320 330 341 346 357 359
147 15 52 57 111 132 134 135 144 149 210 214 216 232 239 245 259 270 287 302 307 316 361 378 398
148 19 21 44 70 78 80 113 116 117 126 129 131 137 140 179 188 217 255 261 268 289 297 313 316 321 335 357 378 387
149 2 18 35 43 69 85 109 115 117 120 126 142 147 152 182 188 270 278 299 311 320 322 342 355 357 370 378 386 388 389
150 0 7 16 30 42 89 115 122 136 158 160 163 180 187 190 191 198 237 284 302 305 310 312 327 340 342 356 363 381 397
151 4 16 32 84 100 103 136 152 154 173 177 178 181 183 192 197 203 271 277 278 307 308 310 314 328 335 386 398
152 18 19 21 51 54 59 90 102 110 125 160 161 164 174 176 182 186 188 189 190 208 211 226 253 281 293 329 344 360 375 378 392 399
153 2 13 22 30 31 44 55 62 74 88 109 129 162 173 178 179 181 186 187 210 225 235 268 269 273 277 289 291 298 300 309 310 363 376
154 83 108 116 133 136 151 170 181 187 190 237 246 261 284 310 314 327 356 359 378 382
155 0 8 29 45 55 68 73 94 145 148 166 175 185 188 193 195 229 230 231 235 289 299 308 325 328 353 362 369 373 382 383
156 15 44 47 83 128 135 160 165 174 180 181 190 217 234 253 264 274 307 311 323 340 373 389
157 28 32 60 65 77 83 115 119 121 160 163 180 188 192 197 199 200 217 223 241 281 310 343 350 375 389
158 10 49 62 73 78 81 82 99 101 107 110 111 115 128 163 166 169 171 184 185 186 189 190 260 268 269 316 325 344 356 363
159 26 35 38 105 115 124 164 172 186 188 199 215 231 247 263 266 272 273 322 331 333 336 364 369 391 396
160 53 57 85 91 116 150 157 161 182 186 187 194 205 213 228 237 244 251 275 295 302 316 318 340 354 370 374 379 385 395
161 3 19 89 117 131 134 146 152 160 164 171 172 182 197 228 246 291 300 348 359 363 379 390
162 0 6 35 50 52 86 121 153 156 174 177 184 189 198 199 272 279 298 308 317 369
163 1 32 55 60 61 116 125 150 157 161 167 169 173 180 188 193 198 217 254 271 311 343 352 381
164 5 33 68 80 85 88 89 126 143 152 157 159 161 165 169 173 179 185 186 191 195 206 210 216 248 255 258 265 293 306 326 384 392
165 8 24 43 61 75 91 105 106 132 164 167 169 173 175 179 180 182 190 191 192 228 231 248 271 297 300 343 399
166 23 58 87 151 154 155 157 158 174 176 178 180 189 250 257 266 318 324 343 351 375 382 384
167 9 43 45 61 65 72 98 109 110 119 161 163 165 176 177 195 222 249 268 290 295 314 333 356
168 18 25 27 55 97 131 133 180 190 210 239 266 271 278 327 345 374 384
169 4 29 31 51 58 65 69 132 145 163 171 179 186 188 194 196 207 222 229 232 235 256 290 301 320 336 348 372 391
170 8 34 38 39 86 135 156 164 173 175 188 194 195 214 248 251 261 268 280 300 318 324 325 386
171 18 22 37 39 40 41 53 80 91 110 116 149 158 161 169 181 187 188 195 197 210 222 227 238 248 251 262 282 289 312 358 370 371
172 42 124 138 159 161 176 177 188 205 206 235 244 265 281 293 294 352 376 388
173 0 1 2 42 46 57 61 66 82 128 131 148 153 157 163 164 165 167 168 170 190 191 212 220 236 241 266 274 279 318 356 385 393
174 4 7 15 19 36 47 60 67 77 79 80 96 113 152 156 162 179 187 195 222 267 276 280 293 311 313 356 391 399
175 32 34 91 99 125 129 135 155 170 193 195 237 244 266 298 324 331 382 383
176 4 37 40 83 97 127 131 133 142 144 152 167 172 175 179 189 193 196 199 204 208 211 216 219 226 230 244 251 257 275 292 302 312 326 331 360 365 370 376
177 10 19 23 35 41 45 58 71 118 129 136 150 151 167 173 179 199 210 224 228 241 262 302 320 324 326 331 345 347 358 391
178 7 15 17 33 38 54 58 125 132 134 151 153 166 182 197 211 212 234 266 291 321 324 329 358
179 33 76 129 136 144 148 153 158 165 174 176 177 183 198 199 208 211 232 253 260 266 328 339 341 346 350 384 392
180 4 31 53 59 77 79 110 115 134 150 153 157 163 165 166 168 191 192 193 196 231 236 238 312 315 327 337 355 365
181 33 66 96 131 136 151 153 156 165 171 188 197 247 253 295 316 345 367 370 377 378
182 6 7 15 23 29 35 63 149 152 165 178 184 185 197 240 281 288 300 317 330 363 371 385 399
183 7 12 23 29 35 49 68 72 92 108 162 172 198 199 210 222 232 264 268 299 316 329 332 374
184 13 25 62 72 101 159 162 182 191 204 224 238 247 293 303 310 312 375 394
185 0 13 32 64 80 97 98 124 128 141 158 164 169 176 178 182 195 222 235 250 286 308 331 339 341 363 398
186 3 37 88 111 138 139 152 153 159 164 169 179 220 226 232 258 270 290 306 329 332 365 375 390 391
187 23 70 93 105 113 144 150 153 154 158 160 162 166 171 195 204 243 273 291 303 305 315 349 352 367 375 384 388 394
188 9 76 110 111 128 149 155 157 159 163 169 170 171 172 181 183 198 203 207 211 215 243 263 294 308 331 345 382
189 38 54 82 92 102 136 144 158 162 166 176 185 194 199 218 227 254 259 264 265 292 332 337 343 372 389
190 1 74 81 112 128 148 150 152 154 158 165 166 168 169 173 182 193 209 217 248 267 296 334 396
191 4 5 46 67 71 73 110 127 149 150 164 165 173 180 181 187 193 198 215 275 325 334 339 344 363 380 391
192 1 47 61 66 92 100 102 107 123 134 151 155 157 169 171 172 219 235 267 276 294 299 369 372
193 11 19 30 31 39 127 128 155 162 163 170 171 175 176 190 191 199 203 204 217 238 259 271 306 312 348 358 363
194 11 13 16 21 26 47 50 53 54 75 78 93 110 150 158 160 169 170 185 215 236 238 242 258 275 286 318 330 341 353 361
195 1 7 9 12 14 17 36 41 47 67 107 116 128 131 132 155 167 170 171 175 177 185 187 194 206 244 282 311 315 334 348 360 371
196 16 25 43 48 51 58 66 67 80 84 92 105 137 149 160 178 180 211 222 228 230 247 248 252 262 288 291 315 334 343 351 352 386
197 4 9 26 52 58 79 98 130 151 155 157 171 191 205 224 226 227 301 330 348 356 362
198 4 27 32 56 94 98 125 130 142 147 150 152 162 175 179 183 188 191 193 194 222 266 271 330 334 358 376 390
199 5 53 81 84 90 129 157 159 176 177 179 180 183 189 202 203 221 238 254 309 312 324 356 395
